red:[75. 96.]
blue:[96. 75.]([0.56140351 0.43859649]%)
Accuracy: 0.4857142857142857
Train Accuracy: 0.8970588235294118
