red:75.0
blue:96.0(0.5614035087719298%)
Accuracy: 0.4857142857142857
Train Accuracy: 0.8970588235294118
