red:75.0
blue:96.0(0.5614035087719298%)
Accuracy: 0.6111111111111112
Train Accuracy: 0.8823529411764706
