red:[75. 96.]
blue:[96. 75.]([0.56140351 0.43859649]%)
Accuracy: 0.6
Train Accuracy: 0.8823529411764706
