red:75.0
blue:96.0(0.5614035087719298%)
Accuracy: 0.5714285714285714
Train Accuracy: 0.9117647058823529
