red:1247.0
blue:1487.0(0.5438917337234821%)
Accuracy: 0.5648994515539305
Train Accuracy: 0.8829446730681298
