red:1247.0
blue:1487.0(0.5438917337234821%)
Accuracy: 0.5557586837294333
Train Accuracy: 0.887517146776406
