red:3035.0
blue:3404.0(0.5286535176269607%)
Accuracy: 0.5869565217391305
Train Accuracy: 0.790331974373908
