red:1922.0
blue:2209.0(0.5347373517308158%)
Accuracy: 0.5344619105199516
Train Accuracy: 0.8247578692493946
