red:1922.0
blue:2209.0(0.5347373517308158%)
Accuracy: 0.5531400966183575
Train Accuracy: 0.7487220877051386
