red:1922.0
blue:2209.0(0.5347373517308158%)
Accuracy: 0.558645707376058
Train Accuracy: 0.6074455205811138
