red:1922.0
blue:2209.0(0.5347373517308158%)
Accuracy: 0.5483091787439613
Train Accuracy: 0.6080172181867097
