red:1922.0 blue:2209.0
Accuracy: 0.5458937198067633
Train Accuracy: 0.6400322841000807