red:1922.0
blue:2209.0(0.5347373517308158%)
Accuracy: 0.5671100362756953
Train Accuracy: 0.6065375302663438
