red:1922.0
blue:2209.0(0.5347373517308158%)
Accuracy: 0.5840386940749698
Train Accuracy: 0.8562348668280871
