red:3035.0
blue:3404.0(0.5286535176269607%)
Accuracy: 0.593167701863354
Train Accuracy: 0.8443020772665502
