red:2087.0
blue:2402.0(0.5350857652038316%)
Accuracy: 0.5734966592427617
Train Accuracy: 0.8699526594263436
