red:1922.0
blue:2209.0(0.5347373517308158%)
Accuracy: 0.5779927448609432
Train Accuracy: 0.7539346246973365
