red:1922.0
blue:2209.0(0.5347373517308158%)
Accuracy: 0.5628019323671497
Train Accuracy: 0.6472962066182405
