red:1922.0
blue:2209.0(0.5347373517308158%)
Accuracy: 0.44740024183796856
Train Accuracy: 0.46973365617433416
