red:1922.0
blue:2209.0(0.5347373517308158%)
Accuracy: 0.562273276904474
Train Accuracy: 0.7369854721549637
