red:1922.0
blue:2209.0(0.5347373517308158%)
Accuracy: 0.5804111245465539
Train Accuracy: 0.6852300242130751
