red:1922.0
blue:2209.0(0.5347373517308158%)
Accuracy: 0.5368802902055623
Train Accuracy: 0.8553268765133172
