red:1922.0
blue:2209.0(0.5347373517308158%)
Accuracy: 0.5410628019323671
Train Accuracy: 0.7094430992736077
