red:1922.0
blue:2209.0(0.5347373517308158%)
Accuracy: 0.5417170495767836
Train Accuracy: 0.5914043583535109
