red:2087.0
blue:2402.0(0.5350857652038316%)
Accuracy: 0.5913140311804009
Train Accuracy: 0.858256752993595
