red:2087.0
blue:2402.0(0.5350857652038316%)
Accuracy: 0.566815144766147
Train Accuracy: 0.8696741854636592
