red:708.0
blue:841.0(0.5429309231762427%)
Accuracy: 0.5516129032258065
Train Accuracy: 0.8353510895883777
