red:708.0
blue:841.0(0.5429309231762427%)
Accuracy: 0.5064516129032258
Train Accuracy: 0.8716707021791767
