red:708.0
blue:841.0(0.5429309231762427%)
Accuracy: 0.5645161290322581
Train Accuracy: 0.8765133171912833
