red:1523.0
blue:1317.0(0.4637323943661972%)
Accuracy: 0.9049295774647887
Train Accuracy: 0.9669894366197183
