red:75.0
blue:96.0(0.5614035087719298%)
Accuracy: 0.5428571428571428
Train Accuracy: 0.8529411764705882
