red:1922.0
blue:2209.0(0.5347373517308158%)
Accuracy: 0.5574365175332527
Train Accuracy: 0.8389830508474576
