red:1922.0
blue:2209.0(0.5347373517308158%)
Accuracy: 0.5767835550181378
Train Accuracy: 0.861682808716707
