red:1922.0
blue:2209.0(0.5347373517308158%)
Accuracy: 0.5707376058041113
Train Accuracy: 0.8610774818401937
