red:1922.0
blue:2209.0(0.5347373517308158%)
Accuracy: 0.5828295042321644
Train Accuracy: 0.8489709443099274
