red:318.0
blue:368.0(0.5364431486880467%)
Accuracy: 0.6086956521739131
Train Accuracy: 0.6434359805510534
