red:318.0
blue:368.0(0.5364431486880467%)
Accuracy: 0.6159420289855072
Train Accuracy: 0.8868613138686131
