red:318.0
blue:368.0(0.5364431486880467%)
Accuracy: 0.4492753623188406
Train Accuracy: 0.46715328467153283
