red:318.0
blue:368.0(0.5364431486880467%)
Accuracy: 0.6014492753623188
Train Accuracy: 0.7992700729927007
