red:318.0
blue:368.0(0.5364431486880467%)
Accuracy: 0.463768115942029
Train Accuracy: 0.8914100486223663
