red:318.0
blue:368.0(0.5364431486880467%)
Accuracy: 0.5507246376811594
Train Accuracy: 0.8777372262773723
