red:318.0
blue:368.0(0.5364431486880467%)
Accuracy: 0.5217391304347826
Train Accuracy: 0.8784440842787682
